[[2.2304,48.8273],
[2.25962,48.82112],
[2.27319,48.81412],
[2.30239,48.81125],
[2.31865,48.8028],
[2.32805,48.79794],
[2.34942,48.79319],
[2.36747,48.78847],
[2.38792,48.79001],
[2.4085,48.78239],
[2.43242,48.78981],
[2.44929,48.79514],
[2.47236,48.80682],
[2.50242,48.81614],
[2.4942,48.839],
[2.489,48.8543],
[2.4811,48.8826],
[2.4755,48.8947],
[2.4683,48.9057],
[2.4424,48.9067],
[2.429,48.9145],
[2.4035,48.915],
[2.3751,48.9192],
[2.35119,48.91763],
[2.34304,48.91955],
[2.31406,48.92045],
[2.2862,48.92311],
[2.27171,48.91412],
[2.26904,48.90548],
[2.23738,48.89248],
[2.22792,48.89736],
[2.20035,48.8874],
[2.22126,48.87163],
[2.22178,48.8425],
[2.2304,48.8273]]; 
